23    172
20    165
7     163
12    157
59    156
22    155
9     155
24    155
11    155
10    153
5     151
8     151
13    151
16    151
17    151
25    151
19    150
32    146
15    145
6     143
54    143
58    142
3     141
21    140
29    138
1     138
26    138
18    138
14    136
56    135
57    133
52    132
33    131
28    130
27    129
4     129
2     128
41    124
30    124
49    123
55    119
50    118
39    118
51    117
53    117
45    115
36    112
31    112
48    107
44    105
34    104
37    103
38    102
42    102
47    101
40     95
35     93
43     92
46     90
69     70
64     62
63     50
61     49
62     49
68     47
67     43
66     38
60     28
65     28
dtype: int642018-11-18 21:30:18.755743